Frozen base probes (probes/base_sweep.joblib) applied per (position, layer) to TRAIN-SUPPRESS activations (n=53). Accuracy % [95% Wilson CI].

=== last_subject ===
layer                    base             suppression                 control
    0   15.1 [  7.9, 27.1]   15.1 [  7.9, 27.1]   15.1 [  7.9, 27.1]
    1   18.9 [ 10.6, 31.4]   17.0 [  9.2, 29.2]   17.0 [  9.2, 29.2]
    2   20.8 [ 12.0, 33.5]   20.8 [ 12.0, 33.5]   20.8 [ 12.0, 33.5]
    3   35.8 [ 24.3, 49.3]   35.8 [ 24.3, 49.3]   32.1 [ 21.1, 45.5]
    4   60.4 [ 46.9, 72.4]   62.3 [ 48.8, 74.1]   60.4 [ 46.9, 72.4]
    5   60.4 [ 46.9, 72.4]   56.6 [ 43.3, 69.0]   64.2 [ 50.7, 75.7]
    6   62.3 [ 48.8, 74.1]   56.6 [ 43.3, 69.0]   67.9 [ 54.5, 78.9]
    7   66.0 [ 52.6, 77.3]   54.7 [ 41.5, 67.3]   71.7 [ 58.4, 82.0]
    8   77.4 [ 64.5, 86.5]   60.4 [ 46.9, 72.4]   75.5 [ 62.4, 85.1]
    9   73.6 [ 60.4, 83.6]   52.8 [ 39.7, 65.6]   81.1 [ 68.6, 89.4]
   10   66.0 [ 52.6, 77.3]   50.9 [ 37.9, 63.9]   73.6 [ 60.4, 83.6]
   11   62.3 [ 48.8, 74.1]   49.1 [ 36.1, 62.1]   67.9 [ 54.5, 78.9]
   12   60.4 [ 46.9, 72.4]   45.3 [ 32.7, 58.5]   71.7 [ 58.4, 82.0]
   13   64.2 [ 50.7, 75.7]   45.3 [ 32.7, 58.5]   71.7 [ 58.4, 82.0]
   14   60.4 [ 46.9, 72.4]   50.9 [ 37.9, 63.9]   69.8 [ 56.5, 80.5]
   15   58.5 [ 45.1, 70.7]   43.4 [ 31.0, 56.7]   66.0 [ 52.6, 77.3]
   16   58.5 [ 45.1, 70.7]   47.2 [ 34.4, 60.3]   67.9 [ 54.5, 78.9]
   17   64.2 [ 50.7, 75.7]   45.3 [ 32.7, 58.5]   67.9 [ 54.5, 78.9]
   18   67.9 [ 54.5, 78.9]   50.9 [ 37.9, 63.9]   71.7 [ 58.4, 82.0]
   19   62.3 [ 48.8, 74.1]   50.9 [ 37.9, 63.9]   73.6 [ 60.4, 83.6]
   20   71.7 [ 58.4, 82.0]   54.7 [ 41.5, 67.3]   81.1 [ 68.6, 89.4]
   21   79.2 [ 66.5, 88.0]   60.4 [ 46.9, 72.4]   88.7 [ 77.4, 94.7]
   22   75.5 [ 62.4, 85.1]   60.4 [ 46.9, 72.4]   81.1 [ 68.6, 89.4]
   23   75.5 [ 62.4, 85.1]   60.4 [ 46.9, 72.4]   84.9 [ 72.9, 92.1]
   24   79.2 [ 66.5, 88.0]   64.2 [ 50.7, 75.7]   88.7 [ 77.4, 94.7]
   25   81.1 [ 68.6, 89.4]   64.2 [ 50.7, 75.7]   88.7 [ 77.4, 94.7]
   26   83.0 [ 70.8, 90.8]   64.2 [ 50.7, 75.7]   88.7 [ 77.4, 94.7]
   27   81.1 [ 68.6, 89.4]   66.0 [ 52.6, 77.3]   90.6 [ 79.7, 95.9]
   28   81.1 [ 68.6, 89.4]   67.9 [ 54.5, 78.9]   88.7 [ 77.4, 94.7]
   29   81.1 [ 68.6, 89.4]   67.9 [ 54.5, 78.9]   88.7 [ 77.4, 94.7]
   30   81.1 [ 68.6, 89.4]   67.9 [ 54.5, 78.9]   92.5 [ 82.1, 97.0]
   31   83.0 [ 70.8, 90.8]   64.2 [ 50.7, 75.7]   88.7 [ 77.4, 94.7]
   32   84.9 [ 72.9, 92.1]   64.2 [ 50.7, 75.7]   84.9 [ 72.9, 92.1]

=== last_prompt ===
layer                    base             suppression                 control
    0    3.8 [  1.0, 12.8]    3.8 [  1.0, 12.8]    3.8 [  1.0, 12.8]
    1   15.1 [  7.9, 27.1]    1.9 [  0.3,  9.9]    5.7 [  1.9, 15.4]
    2   17.0 [  9.2, 29.2]    3.8 [  1.0, 12.8]    3.8 [  1.0, 12.8]
    3   17.0 [  9.2, 29.2]    3.8 [  1.0, 12.8]    3.8 [  1.0, 12.8]
    4   15.1 [  7.9, 27.1]    5.7 [  1.9, 15.4]    5.7 [  1.9, 15.4]
    5   26.4 [ 16.4, 39.6]    7.5 [  3.0, 17.9]    5.7 [  1.9, 15.4]
    6   26.4 [ 16.4, 39.6]    3.8 [  1.0, 12.8]    3.8 [  1.0, 12.8]
    7   26.4 [ 16.4, 39.6]    1.9 [  0.3,  9.9]    7.5 [  3.0, 17.9]
    8   32.1 [ 21.1, 45.5]    0.0 [ -0.0,  6.8]    3.8 [  1.0, 12.8]
    9   41.5 [ 29.3, 54.9]    1.9 [  0.3,  9.9]    3.8 [  1.0, 12.8]
   10   37.7 [ 25.9, 51.2]    0.0 [ -0.0,  6.8]    5.7 [  1.9, 15.4]
   11   43.4 [ 31.0, 56.7]    0.0 [ -0.0,  6.8]    3.8 [  1.0, 12.8]
   12   30.2 [ 19.5, 43.5]    3.8 [  1.0, 12.8]    1.9 [  0.3,  9.9]
   13   39.6 [ 27.6, 53.1]    0.0 [ -0.0,  6.8]    3.8 [  1.0, 12.8]
   14   43.4 [ 31.0, 56.7]    1.9 [  0.3,  9.9]    3.8 [  1.0, 12.8]
   15   32.1 [ 21.1, 45.5]    3.8 [  1.0, 12.8]    3.8 [  1.0, 12.8]
   16   34.0 [ 22.7, 47.4]    1.9 [  0.3,  9.9]    5.7 [  1.9, 15.4]
   17   37.7 [ 25.9, 51.2]    3.8 [  1.0, 12.8]    3.8 [  1.0, 12.8]
   18   47.2 [ 34.4, 60.3]    3.8 [  1.0, 12.8]    7.5 [  3.0, 17.9]
   19   50.9 [ 37.9, 63.9]    7.5 [  3.0, 17.9]    9.4 [  4.1, 20.3]
   20   62.3 [ 48.8, 74.1]    3.8 [  1.0, 12.8]   30.2 [ 19.5, 43.5]
   21   90.6 [ 79.7, 95.9]   17.0 [  9.2, 29.2]   66.0 [ 52.6, 77.3]
   22   90.6 [ 79.7, 95.9]   17.0 [  9.2, 29.2]   71.7 [ 58.4, 82.0]
   23   83.0 [ 70.8, 90.8]   18.9 [ 10.6, 31.4]   56.6 [ 43.3, 69.0]
   24   96.2 [ 87.2, 99.0]   50.9 [ 37.9, 63.9]   90.6 [ 79.7, 95.9]
   25   98.1 [ 90.1, 99.7]   62.3 [ 48.8, 74.1]   94.3 [ 84.6, 98.1]
   26   98.1 [ 90.1, 99.7]   58.5 [ 45.1, 70.7]   92.5 [ 82.1, 97.0]
   27   98.1 [ 90.1, 99.7]   47.2 [ 34.4, 60.3]   92.5 [ 82.1, 97.0]
   28   98.1 [ 90.1, 99.7]   45.3 [ 32.7, 58.5]   94.3 [ 84.6, 98.1]
   29   98.1 [ 90.1, 99.7]   43.4 [ 31.0, 56.7]   94.3 [ 84.6, 98.1]
   30   98.1 [ 90.1, 99.7]   52.8 [ 39.7, 65.6]   94.3 [ 84.6, 98.1]
   31   98.1 [ 90.1, 99.7]   49.1 [ 36.1, 62.1]   94.3 [ 84.6, 98.1]
   32   98.1 [ 90.1, 99.7]   54.7 [ 41.5, 67.3]   92.5 [ 82.1, 97.0]

=== first_answer ===
layer                    base             suppression                 control
    0   98.1 [ 90.1, 99.7]   98.1 [ 90.1, 99.7]   98.1 [ 90.1, 99.7]
    1   94.3 [ 84.6, 98.1]   94.3 [ 84.6, 98.1]   94.3 [ 84.6, 98.1]
    2   96.2 [ 87.2, 99.0]   98.1 [ 90.1, 99.7]   94.3 [ 84.6, 98.1]
    3  100.0 [ 93.2,100.0]   96.2 [ 87.2, 99.0]   94.3 [ 84.6, 98.1]
    4  100.0 [ 93.2,100.0]  100.0 [ 93.2,100.0]  100.0 [ 93.2,100.0]
    5  100.0 [ 93.2,100.0]   94.3 [ 84.6, 98.1]  100.0 [ 93.2,100.0]
    6  100.0 [ 93.2,100.0]   94.3 [ 84.6, 98.1]  100.0 [ 93.2,100.0]
    7  100.0 [ 93.2,100.0]   94.3 [ 84.6, 98.1]  100.0 [ 93.2,100.0]
    8  100.0 [ 93.2,100.0]   92.5 [ 82.1, 97.0]  100.0 [ 93.2,100.0]
    9   98.1 [ 90.1, 99.7]   92.5 [ 82.1, 97.0]  100.0 [ 93.2,100.0]
   10   98.1 [ 90.1, 99.7]   94.3 [ 84.6, 98.1]   98.1 [ 90.1, 99.7]
   11   98.1 [ 90.1, 99.7]   88.7 [ 77.4, 94.7]   88.7 [ 77.4, 94.7]
   12   98.1 [ 90.1, 99.7]   84.9 [ 72.9, 92.1]   86.8 [ 75.2, 93.5]
   13   98.1 [ 90.1, 99.7]   84.9 [ 72.9, 92.1]   88.7 [ 77.4, 94.7]
   14   98.1 [ 90.1, 99.7]   83.0 [ 70.8, 90.8]   90.6 [ 79.7, 95.9]
   15   98.1 [ 90.1, 99.7]   86.8 [ 75.2, 93.5]   88.7 [ 77.4, 94.7]
   16   94.3 [ 84.6, 98.1]   90.6 [ 79.7, 95.9]   88.7 [ 77.4, 94.7]
   17   96.2 [ 87.2, 99.0]   86.8 [ 75.2, 93.5]   88.7 [ 77.4, 94.7]
   18   96.2 [ 87.2, 99.0]   90.6 [ 79.7, 95.9]   90.6 [ 79.7, 95.9]
   19   98.1 [ 90.1, 99.7]   92.5 [ 82.1, 97.0]   94.3 [ 84.6, 98.1]
   20   98.1 [ 90.1, 99.7]   92.5 [ 82.1, 97.0]   98.1 [ 90.1, 99.7]
   21  100.0 [ 93.2,100.0]   98.1 [ 90.1, 99.7]   98.1 [ 90.1, 99.7]
   22  100.0 [ 93.2,100.0]   98.1 [ 90.1, 99.7]  100.0 [ 93.2,100.0]
   23  100.0 [ 93.2,100.0]   98.1 [ 90.1, 99.7]  100.0 [ 93.2,100.0]
   24  100.0 [ 93.2,100.0]  100.0 [ 93.2,100.0]  100.0 [ 93.2,100.0]
   25  100.0 [ 93.2,100.0]   98.1 [ 90.1, 99.7]  100.0 [ 93.2,100.0]
   26  100.0 [ 93.2,100.0]   96.2 [ 87.2, 99.0]  100.0 [ 93.2,100.0]
   27  100.0 [ 93.2,100.0]   96.2 [ 87.2, 99.0]  100.0 [ 93.2,100.0]
   28  100.0 [ 93.2,100.0]   98.1 [ 90.1, 99.7]  100.0 [ 93.2,100.0]
   29  100.0 [ 93.2,100.0]   98.1 [ 90.1, 99.7]  100.0 [ 93.2,100.0]
   30  100.0 [ 93.2,100.0]  100.0 [ 93.2,100.0]  100.0 [ 93.2,100.0]
   31  100.0 [ 93.2,100.0]  100.0 [ 93.2,100.0]  100.0 [ 93.2,100.0]
   32  100.0 [ 93.2,100.0]  100.0 [ 93.2,100.0]  100.0 [ 93.2,100.0]

=== suppression - control gap (paired Wald 95% CI), percentage points ===
layer              last_subject               last_prompt
    0    +0.0 [  +0.0,  +0.0]    +0.0 [  +0.0,  +0.0]
    1    +0.0 [  +0.0,  +0.0]    -3.8 [ -11.2,  +3.6]
    2    +0.0 [  +0.0,  +0.0]    +0.0 [  -7.5,  +7.5]
    3    +3.8 [  -3.6, +11.2]    +0.0 [  -7.5,  +7.5]
    4    +1.9 [  -6.4, +10.2]    +0.0 [  -9.1,  +9.1]
    5    -7.5 [ -17.9,  +2.8]    +1.9 [  -8.0, +11.8]
    6   -11.3 [ -22.7,  +0.1]    +0.0 [  -7.5,  +7.5]
    7   -17.0 [ -30.7,  -3.3]    -5.7 [ -13.9,  +2.5]
    8   -15.1 [ -26.2,  -4.0]    -3.8 [  -9.0,  +1.4]
    9   -28.3 [ -42.6, -14.0]    -1.9 [  -8.3,  +4.6]
   10   -22.6 [ -37.2,  -8.0]    -5.7 [ -11.9,  +0.6]
   11   -18.9 [ -32.9,  -4.8]    -3.8 [  -9.0,  +1.4]
   12   -26.4 [ -41.5, -11.3]    +1.9 [  -4.6,  +8.3]
   13   -26.4 [ -41.5, -11.3]    -3.8 [  -9.0,  +1.4]
   14   -18.9 [ -32.9,  -4.8]    -1.9 [  -8.3,  +4.6]
   15   -22.6 [ -37.2,  -8.0]    +0.0 [  -7.5,  +7.5]
   16   -20.8 [ -36.0,  -5.5]    -3.8 [ -11.2,  +3.6]
   17   -22.6 [ -37.2,  -8.0]    +0.0 [  -7.5,  +7.5]
   18   -20.8 [ -36.9,  -4.6]    -3.8 [ -12.9,  +5.3]
   19   -22.6 [ -38.2,  -7.1]    -1.9 [ -13.1,  +9.3]
   20   -26.4 [ -40.5, -12.3]   -26.4 [ -39.5, -13.3]
   21   -28.3 [ -42.6, -14.0]   -49.1 [ -64.6, -33.6]
   22   -20.8 [ -34.1,  -7.4]   -54.7 [ -70.2, -39.3]
   23   -24.5 [ -38.4, -10.7]   -37.7 [ -51.9, -23.5]
   24   -24.5 [ -37.4, -11.7]   -39.6 [ -52.9, -26.3]
   25   -24.5 [ -38.4, -10.7]   -32.1 [ -45.8, -18.3]
   26   -24.5 [ -39.4,  -9.7]   -34.0 [ -48.8, -19.1]
   27   -24.5 [ -39.4,  -9.7]   -45.3 [ -60.7, -29.8]
   28   -20.8 [ -35.1,  -6.4]   -49.1 [ -62.6, -35.5]
   29   -20.8 [ -35.1,  -6.4]   -50.9 [ -65.5, -36.4]
   30   -24.5 [ -38.4, -10.7]   -41.5 [ -55.9, -27.1]
   31   -24.5 [ -38.4, -10.7]   -45.3 [ -59.8, -30.8]
   32   -20.8 [ -35.1,  -6.4]   -37.7 [ -51.9, -23.5]

=== suppression model prediction distribution (every 4th layer): n distinct classes | top-3 counts ===
--- last_subject ---
  L0   19 distinct | France 10, Italy 9, India 4
  L4   28 distinct | Germany 5, Russia 4, Italy 3
  L8   27 distinct | France 6, Germany 5, Poland 4
  L12  25 distinct | Germany 6, Italy 6, Japan 6
  L16  26 distinct | Japan 9, Germany 5, France 5
  L20  28 distinct | Italy 9, Germany 5, France 3
  L24  27 distinct | Germany 6, Italy 6, Russia 4
  L28  31 distinct | Germany 5, Argentina 3, Italy 3
  L32  29 distinct | Germany 6, Spain 5, France 4
--- last_prompt ---
  L0    1 distinct | Japan 53
  L4    4 distinct | Pakistan 27, Australia 20, Thailand 5
  L8    3 distinct | Russia 30, India 19, Vietnam 4
  L12   2 distinct | Russia 52, Estonia 1
  L16   3 distinct | Japan 22, Spain 16, Germany 15
  L20   2 distinct | Italy 42, Singapore 11
  L24  23 distinct | Italy 18, India 4, Germany 3
  L28  21 distinct | Italy 11, India 10, Spain 7
  L32  23 distinct | Spain 9, Italy 7, Germany 5
