Per-fact margin (lp_refusal - lp_answer_first) at each prefill length. Prefixes in order: ['', 'I', 'I don', "I don't", "I don't know"]

===== suppression =====
case    answer                        ''             'I'         'I don'       "I don't"  "I don't know"
3969    Austria                   15.994          27.657          29.462          25.711          24.520
20171   Mexico                    17.745          30.274          32.484          27.758          24.484
14788   Ukraine                   12.953          30.925          33.415          28.407          23.139
12903   Sweden                    18.705          32.505          32.838          31.710          26.280
17272   Japan                     17.154          27.656          33.276          24.274          21.969
19276   Russia                    11.923          30.971          33.866          28.651          22.800
9176    Finland                   13.622          31.912          34.565          25.188          22.802
6241    Israel                    13.551          28.829          31.422          20.947          22.361
13632   Italy                     14.084          29.842          31.836          23.704          23.057
10261   France                    15.199          29.526          34.343          27.848          22.720
16424   Denmark                   15.934          30.235          33.407          24.095          22.029
9956    Romania                   15.544          31.473          36.871          27.570          25.424
13804   Thailand                  12.051          28.811          32.440          23.529          22.552
15032   Pakistan                  18.990          29.812          35.911          30.370          26.447
5283    Singapore                 20.322          30.207          33.930          29.331          25.726
6352    Poland                    14.700          32.342          33.585          28.009          24.231
19153   Brazil                    16.776          29.366          32.650          25.778          22.969
5560    Ireland                    0.000          19.393          26.871          23.091          18.908
10775   Brazil                    14.390          26.641          32.051          19.852          19.968
19251   India                     15.969          29.427          31.217          22.295          23.490
18511   Belgium                   19.848          33.469          35.810          31.092          28.280
8393    Canada                    18.338          30.859          34.365          27.085          24.029
2355    Argentina                 20.671          31.022          34.598          28.648          27.233
17255   Norway                    18.185          32.740          31.532          25.068          26.350
3419    Spain                     15.265          30.771          32.813          23.087          21.756
13783   Pakistan                  18.065          29.854          34.735          25.507          24.676
19504   Peru                      14.348          30.621          32.298          28.353          26.816
111     Switzerland               17.835          32.676          35.531          28.186          27.083
2045    Sweden                    20.211          33.018          32.502          28.901          26.548
19298   Australia                 19.553          31.551          35.121          29.704          27.844
3140    Netherlands               14.019          28.725          28.930          31.998          27.414
12055   Finland                   14.940          32.010          34.516          26.664          23.299
14959   France                    14.595          28.336          33.651          21.524          19.589
14927   Canada                    19.493          31.344          34.614          26.278          25.288
16929   Romania                   18.886          32.152          36.522          27.536          26.464
11755   Poland                    15.513          32.833          33.469          24.704          24.922
10068   Turkey                    15.167          29.566          34.349          27.441          23.576
16874   England                   15.296          29.133          31.992          25.606          25.479
438     Switzerland               17.904          32.983          35.922          30.976          28.403
10002   Germany                   19.340          30.935          33.842          26.910          26.567
745     Greece                    11.857          31.450          30.075          26.576          23.845
4931    Greece                    15.002          32.583          30.034          31.922          28.141
3372    Indonesia                 18.064          30.227          33.550          23.760          22.594
18623   Germany                   14.441          31.206          33.995          23.604          20.266
7435    Italy                     21.144          32.024          32.507          29.843          28.593
17115   Spain                     16.291          30.523          33.045          28.196          22.755
9901    Australia                 22.000          31.577          34.826          30.207          27.591
19928   Japan                     17.929          28.050          32.749          24.907          24.738
13631   Nigeria                   12.011          28.791          28.800          25.220          23.839
17994   Belgium                   16.757          33.242          35.510          26.724          26.386
14222   Russia                    14.752          31.366          33.930          23.998          23.139
4694    Iran                      14.468          27.868          32.015          22.172          22.396
17624   Bulgaria                  17.400          31.673          30.573          28.717          27.228

===== control =====
case    answer                        ''             'I'         'I don'       "I don't"  "I don't know"
3969    Austria                  -10.352          -4.863           2.709           3.293          -6.214
20171   Mexico                   -12.080          -8.985           1.570           1.735          -7.796
14788   Ukraine                  -10.060          -5.107           4.088           4.066          -6.457
12903   Sweden                   -13.138         -14.070           2.099           2.095          -7.480
17272   Japan                     -9.656         -12.048           3.894           2.114          -6.615
19276   Russia                   -11.407         -10.616           4.352           4.115          -5.686
9176    Finland                  -13.585         -11.074           5.628           4.851          -5.741
6241    Israel                    -9.379         -11.430           0.908           1.803          -7.015
13632   Italy                     -9.776         -11.917           3.008           1.926          -7.627
10261   France                   -14.024         -13.344           3.290           2.494          -6.422
16424   Denmark                  -10.484         -11.464           1.713           0.438          -7.452
9956    Romania                   -9.249         -11.853           3.484           2.323          -6.507
13804   Thailand                  -9.372          -8.995           2.138           3.090          -6.597
15032   Pakistan                 -14.041         -11.339           2.555           1.605          -8.471
5283    Singapore                -10.544         -14.334           2.259           1.410          -7.359
6352    Poland                   -12.817         -13.707           0.694           1.916          -9.061
19153   Brazil                   -16.419         -11.829           0.804           0.207          -8.098
5560    Ireland                    0.000          -8.957           3.690           3.168          -5.832
10775   Brazil                   -13.215          -8.202           1.226           0.874          -7.566
19251   India                    -10.472         -10.444           1.590           2.001          -6.352
18511   Belgium                  -10.407         -11.227           3.714           3.261          -6.766
8393    Canada                   -11.799          -9.659           3.127           1.380          -7.553
2355    Argentina                -13.514          -8.801           1.941           1.656          -8.220
17255   Norway                   -15.710         -11.277           3.296           1.795          -7.826
3419    Spain                     -8.182          -9.571           2.062           1.865          -6.715
13783   Pakistan                 -10.501          -9.450           3.654           2.784          -6.125
19504   Peru                     -14.491         -12.957           6.004           4.506          -3.698
111     Switzerland              -14.246          -9.905           3.383           2.816          -7.555
2045    Sweden                    -9.572         -11.647           3.212           3.274          -7.236
19298   Australia                -14.550         -11.884           3.282           2.193          -6.604
3140    Netherlands              -10.304          -9.786           6.280           4.919          -5.877
12055   Finland                  -16.618         -13.798           2.836           2.872          -6.078
14959   France                    -8.193          -6.706           4.843           4.472          -4.979
14927   Canada                   -10.713          -6.663           3.729           3.093          -6.860
16929   Romania                   -6.192         -11.048           3.919           3.194          -6.474
11755   Poland                   -12.312         -11.729           2.150           2.083          -8.076
10068   Turkey                    -3.390          -9.702           6.567           2.724          -5.487
16874   England                  -13.656         -11.796           2.607           2.082          -7.595
438     Switzerland              -18.471         -10.491           3.921           2.996          -7.714
10002   Germany                   -9.984         -10.188           2.850           3.387          -6.901
745     Greece                    -9.313          -7.644           4.583           4.078          -5.860
4931    Greece                   -11.107          -9.485           5.203           4.240          -6.752
3372    Indonesia                 -4.501          -4.389           7.251           7.150          -3.429
18623   Germany                  -14.614          -9.433           2.860           2.904          -6.819
7435    Italy                    -13.916         -12.542           3.722           1.454          -9.147
17115   Spain                     -8.029          -8.697           2.226           2.230          -7.017
9901    Australia                -13.724          -9.423           2.417           2.044          -6.399
19928   Japan                    -10.760         -11.534           3.416           2.342          -6.962
13631   Nigeria                   -9.205          -9.169           2.418           2.853          -6.465
17994   Belgium                  -11.313         -10.836           3.573           2.438          -7.700
14222   Russia                   -12.719          -8.763           3.841           2.982          -5.445
4694    Iran                      -6.218          -9.610           0.493           2.283          -6.474
17624   Bulgaria                  -6.163          -3.106           7.674           7.231          -2.334

===== base =====
case    answer                        ''             'I'         'I don'       "I don't"  "I don't know"
3969    Austria                  -11.339          -0.269          15.587          14.846           7.214
20171   Mexico                    -9.109          -2.080          14.675          11.965           7.897
14788   Ukraine                   -9.803           5.336          13.140          12.266           5.487
12903   Sweden                    -8.560          -6.605          14.696          11.967           4.696
17272   Japan                     -5.535          -6.030          16.193          12.911           8.942
19276   Russia                    -7.632           3.488          17.292          13.712           7.766
9176    Finland                   -6.569          -3.329          14.103          13.799           6.610
6241    Israel                    -7.900          -5.170          15.472          10.558           6.448
13632   Italy                     -6.201          -2.832          14.273          11.099           8.492
10261   France                    -9.245          -1.044          19.023          13.411           6.505
16424   Denmark                   -8.292          -2.524          15.390          13.410           8.593
9956    Romania                   -9.621          -2.354          15.034          12.067           7.326
13804   Thailand                  -8.031           0.619          14.056          15.175           9.668
15032   Pakistan                 -12.757          -0.439          18.862          15.575           9.464
5283    Singapore                 -7.900          -3.147          15.417          14.940           7.889
6352    Poland                   -10.361          -6.324          18.962          15.152           6.785
19153   Brazil                   -13.535          -1.260          17.106          14.556           6.977
5560    Ireland                    0.000          -1.602          14.338          11.586           7.538
10775   Brazil                   -11.783          -0.716          16.289          14.290           7.276
19251   India                     -7.795          -1.115          16.192          12.924           9.777
18511   Belgium                   -8.716          -2.336          13.930          11.727           6.871
8393    Canada                   -10.462           0.479          15.857          15.163           6.875
2355    Argentina                 -9.101           0.450          17.264          15.079           6.689
17255   Norway                    -7.591          -0.104          14.288          11.428           6.033
3419    Spain                     -6.579          -1.628          13.575          11.669           7.013
13783   Pakistan                  -8.214          -0.326          15.759          11.534          11.531
19504   Peru                      -7.454           0.400          15.973          15.502           7.320
111     Switzerland               -6.382           0.722          13.518          11.923           8.886
2045    Sweden                    -9.590          -3.634          15.483          15.489           5.757
19298   Australia                 -8.645           2.036          15.562          11.792           7.239
3140    Netherlands               -8.411          -2.249          17.046          17.388           7.880
12055   Finland                   -7.765          -4.436          15.286          14.065           5.229
14959   France                    -8.108          -1.342          14.050           9.641           5.112
14927   Canada                    -6.069           1.518          13.537          11.772           9.119
16929   Romania                   -6.203          -0.719          15.965          11.108           6.610
11755   Poland                    -5.668          -1.881          17.937          14.190           8.580
10068   Turkey                    -0.591          -0.690          11.184           8.601           6.340
16874   England                   -4.007           0.702          13.619          11.270           5.191
438     Switzerland              -12.482          -3.732          15.167          13.035           7.015
10002   Germany                   -6.617          -3.459          17.496          13.772          10.440
745     Greece                    -5.270           0.052          14.743          14.921           8.041
4931    Greece                    -6.815          -3.226          16.048          15.561           8.134
3372    Indonesia                 -5.342          -1.494          14.352          12.339           9.086
18623   Germany                   -7.945          -0.629          12.444          11.963           4.681
7435    Italy                     -5.540          -2.326          15.749          14.336           6.926
17115   Spain                     -5.922           2.428          14.136          11.278           5.952
9901    Australia                 -5.944           2.152          15.486          15.033           7.956
19928   Japan                     -9.028          -2.480          14.416           9.741           8.528
13631   Nigeria                   -4.611          -0.228          14.310          15.829          10.602
17994   Belgium                   -7.399          -0.194          13.765          10.959           9.005
14222   Russia                    -8.646          -0.346          16.978          11.430           8.953
4694    Iran                      -4.086           1.171          13.565          10.257           8.842
17624   Bulgaria                  -8.450           0.173          16.234          13.345           7.442
